0.06954343051951366
0.30458196998626175
0.0695434305195139
0.30458196998626097
0.05221224805525315
0.10559539867720988
0.052212248055253194
0.10559539867720971
0.009634109085209787
0.014543900045041967
0.00963410908520977
0.014543900045041934
0.0007951694781165148
0.0010465197521700885
0.0007951694781165091
0.0010465197521700937
3.902249498925682e-5
4.750629459498288e-5
3.90224949892568e-5
4.750629459498273e-5
3.902249498925674e-5
4.7506294594983054e-5
3.902249498925681e-5
4.7506294594983054e-5
0.0007951694781165074
0.001046519752170088
0.000795169478116505
0.001046519752170085
0.009634109085209772
0.014543900045041927
0.009634109085209716
0.014543900045041937
0.05221224805525315
0.10559539867720993
0.05221224805525316
0.10559539867720964
0.06954343051951378
0.3045819699862614
0.06954343051951406
0.3045819699862605
0.06992351086447501
0.17224382886659514
0.06992351086447535
0.17224382886659534
0.0066047791727092894
0.2358985215037484
0.0066047791727091975
0.23589852150374835
0.032967722456933475
0.19269319984581212
0.03296772245693348
0.1926931998458123
0.024319558428153153
0.07282615121708866
0.024319558428153164
0.07282615121708837
0.008339138115792726
0.017618758501679217
0.008339138115792642
0.01761875850167922
0.008339138115792654
0.017618758501679162
0.0083391381157927
0.017618758501679183
0.024319558428153115
0.07282615121708869
0.024319558428153122
0.07282615121708849
0.032967722456933427
0.19269319984581207
0.03296772245693346
0.19269319984581204
0.0066047791727092044
0.2358985215037483
0.006604779172709237
0.23589852150374832
0.06992351086447503
0.17224382886659556
0.06992351086447515
0.17224382886659517
0.04772992591527112
0.2365254435564252
0.04772992591527148
0.2365254435564257
0.028383577491487552
0.1549931647524776
0.02838357749148753
0.15499316475247765
0.006664668113884076
0.14616111278695437
0.00666466811388408
0.14616111278695423
0.01561376528055853
0.21091389848146444
0.015613765280558536
0.21091389848146427
0.04058418270726498
0.19996460355537388
0.040584182707264944
0.1999646035553734
0.040584182707264944
0.19996460355537377
0.04058418270726494
0.199964603555374
0.015613765280558554
0.2109138984814644
0.015613765280558502
0.21091389848146436
0.006664668113884059
0.146161112786954
0.00666466811388409
0.14616111278695426
0.028383577491487504
0.1549931647524775
0.02838357749148758
0.15499316475247743
0.04772992591527156
0.2365254435564257
0.047729925915271476
0.23652544355642546
0.05762743959555211
0.23936782559921624
0.057627439595552034
0.23936782559921638
0.01890847840584354
0.19673054936956846
0.018908478405843497
0.19673054936956863
0.020376840511897483
0.21144823300212784
0.020376840511897497
0.21144823300212745
0.029938098932783007
0.22157004772588065
0.029938098932782993
0.2215700477258808
0.01409200124402694
0.30705370914178787
0.0140920012440269
0.30705370914178776
0.014092001244026924
0.30705370914178776
0.01409200124402691
0.30705370914178776
0.02993809893278298
0.22157004772588068
0.029938098932782986
0.22157004772588051
0.020376840511897525
0.2114482330021279
0.020376840511897507
0.2114482330021275
0.018908478405843483
0.19673054936956869
0.01890847840584355
0.19673054936956844
0.057627439595551964
0.23936782559921682
0.0576274395955519
0.23936782559921616
0.06425117530218473
0.2596579139339268
0.06425117530218499
0.25965791393392634
0.026801596331824485
0.29902221906722853
0.026801596331824485
0.2990222190672283
0.02044530523748117
0.29776122019519274
0.02044530523748122
0.2977612201951928
0.003848678479273183
0.29437653611855774
0.0038486784792731506
0.29437653611855785
0.012972390380578756
0.2139878543820617
0.012972390380578756
0.21398785438206175
0.012972390380578756
0.21398785438206167
0.012972390380578756
0.21398785438206167
0.003848678479273163
0.29437653611855774
0.0038486784792731684
0.2943765361185579
0.020445305237481202
0.2977612201951928
0.020445305237481212
0.2977612201951928
0.026801596331824502
0.2990222190672285
0.02680159633182449
0.29902221906722837
0.06425117530218497
0.25965791393392657
0.06425117530218508
0.25965791393392645
0.08063116216181779
0.3633412184345786
0.08063116216181775
0.36334121843457906
0.01856360889759428
0.35675264714411353
0.01856360889759423
0.35675264714411337
0.007784684610870972
0.2509847237350329
0.007784684610870981
0.2509847237350328
0.00970413150521735
0.24487029110485287
0.009704131505217338
0.24487029110485292
0.005639969125430914
0.2767306416462225
0.005639969125430912
0.2767306416462225
0.005639969125430917
0.2767306416462225
0.005639969125430917
0.27673064164622246
0.009704131505217348
0.24487029110485276
0.009704131505217341
0.24487029110485292
0.007784684610870978
0.2509847237350329
0.0077846846108709745
0.2509847237350329
0.018563608897594265
0.3567526471441136
0.018563608897594213
0.3567526471441135
0.08063116216181773
0.3633412184345789
0.08063116216181768
0.3633412184345789
0.09710068783144742
0.3480245179375321
0.09710068783144751
0.3480245179375314
0.014853533548910646
0.3651558507991788
0.014853533548910638
0.3651558507991787
0.020398548502629076
0.30551895971492804
0.020398548502629066
0.3055189597149284
0.0037983133475269397
0.27987141390845893
0.0037983133475269206
0.2798714139084588
0.005636566773049224
0.2869293121723886
0.005636566773049231
0.2869293121723884
0.005636566773049219
0.2869293121723885
0.005636566773049233
0.28692931217238854
0.0037983133475269137
0.2798714139084588
0.0037983133475269428
0.2798714139084588
0.02039854850262907
0.3055189597149284
0.02039854850262908
0.3055189597149282
0.014853533548910648
0.3651558507991786
0.01485353354891062
0.3651558507991787
0.09710068783144743
0.34802451793753186
0.0971006878314476
0.34802451793753186
0.08598846751692732
0.32920267887909244
0.08598846751692754
0.32920267887909227
0.012142650593488069
0.428907691993497
0.012142650593488034
0.428907691993497
0.007669940450748914
0.3679558135158187
0.007669940450748921
0.3679558135158185
0.02484126334324828
0.3356670781100693
0.024841263343248286
0.33566707811006924
0.004112874902296424
0.3102523349040747
0.004112874902296412
0.31025233490407444
0.004112874902296412
0.31025233490407444
0.004112874902296436
0.31025233490407456
0.02484126334324829
0.33566707811006924
0.0248412633432483
0.3356670781100689
0.0076699404507489235
0.3679558135158185
0.007669940450748921
0.3679558135158185
0.01214265059348809
0.4289076919934971
0.012142650593488073
0.4289076919934968
0.08598846751692746
0.329202678879092
0.08598846751692746
0.32920267887909216
0.06664466504950592
0.32714824484426686
0.06664466504950584
0.32714824484426663
0.023414233640504427
0.3942840867739371
0.023414233640504416
0.3942840867739372
0.005369371298572723
0.39433063156806136
0.005369371298572717
0.39433063156806125
0.005793921333582195
0.38609780785678943
0.005793921333582209
0.3860978078567898
0.023992864881450447
0.3860458056479209
0.023992864881450485
0.38604580564792107
0.02399286488145045
0.386045805647921
0.023992864881450464
0.3860458056479209
0.0057939213335822075
0.38609780785678965
0.005793921333582199
0.3860978078567896
0.005369371298572728
0.3943306315680614
0.0053693712985727286
0.3943306315680615
0.023414233640504416
0.394284086773937
0.023414233640504465
0.39428408677393695
0.06664466504950564
0.32714824484426674
0.06664466504950572
0.32714824484426674
0.06997756133827226
0.3429902850935949
0.06997756133827218
0.34299028509359497
0.021058626761045952
0.4389860655840148
0.02105862676104593
0.438986065584015
0.012479667139225398
0.40273242013830346
0.012479667139225388
0.40273242013830357
0.008500764996628208
0.3831294314130421
0.008500764996628187
0.3831294314130421
0.014220763224576959
0.4335001228825187
0.014220763224576985
0.4335001228825186
0.014220763224576969
0.4335001228825187
0.014220763224577
0.4335001228825188
0.008500764996628205
0.3831294314130421
0.008500764996628187
0.3831294314130421
0.012479667139225397
0.40273242013830335
0.012479667139225444
0.4027324201383034
0.02105862676104591
0.438986065584015
0.02105862676104594
0.438986065584015
0.06997756133827218
0.34299028509359475
0.06997756133827221
0.34299028509359497
0.09184216432794057
0.36426887386293083
0.09184216432794057
0.3642688738629309
0.02422617535489708
0.46372233233227433
0.024226175354897066
0.4637223323322742
0.007210010758506936
0.44760683629422526
0.007210010758506919
0.44760683629422526
0.01027339563482959
0.4187370347965407
0.010273395634829586
0.41873703479654056
0.005103159430434933
0.3750478231078274
0.005103159430434936
0.3750478231078276
0.005103159430434932
0.37504782310782747
0.005103159430434941
0.37504782310782736
0.010273395634829577
0.4187370347965407
0.010273395634829608
0.4187370347965408
0.007210010758506923
0.4476068362942252
0.007210010758506919
0.44760683629422515
0.024226175354897087
0.46372233233227433
0.02422617535489704
0.46372233233227445
0.09184216432794047
0.36426887386293094
0.09184216432794057
0.36426887386293094
0.0873712745389575
0.4027699803112034
0.08737127453895746
0.40276998031120337
0.018630420174620452
0.5192867215024812
0.01863042017462052
0.5192867215024815
0.01563900510828009
0.4386431095838176
0.015639005108280084
0.4386431095838176
0.001524604918527106
0.3913858282392063
0.0015246049185270991
0.39138582823920653
0.005874468752580811
0.3942061556462466
0.005874468752580804
0.3942061556462465
0.0058744687525808135
0.3942061556462466
0.005874468752580804
0.3942061556462465
0.001524604918527082
0.39138582823920653
0.0015246049185270905
0.3913858282392064
0.015639005108280084
0.4386431095838177
0.015639005108280098
0.4386431095838176
0.018630420174620476
0.5192867215024815
0.018630420174620473
0.5192867215024812
0.08737127453895749
0.4027699803112033
0.08737127453895736
0.4027699803112036
0.09775372515376649
0.3884116959477675
0.09775372515376632
0.38841169594776787
0.017268219498607493
0.4923096847276565
0.017268219498607566
0.49230968472765657
0.015092185236410129
0.47546487016381644
0.015092185236410113
0.4754648701638164
0.0056667677964284385
0.4188298469611652
0.005666767796428436
0.4188298469611652
0.005456852575255972
0.4098396676446254
0.005456852575255971
0.40983966764462554
0.005456852575255967
0.40983966764462565
0.005456852575255952
0.40983966764462565
0.0056667677964284315
0.4188298469611651
0.0056667677964284385
0.4188298469611652
0.015092185236410111
0.47546487016381633
0.015092185236410113
0.47546487016381633
0.017268219498607525
0.4923096847276567
0.0172682194986075
0.49230968472765657
0.09775372515376651
0.388411695947768
0.09775372515376635
0.3884116959477677
0.07943767507993837
0.40156880438930664
0.07943767507993835
0.401568804389307
0.016131045649670817
0.5065307855039873
0.01613104564967076
0.5065307855039871
0.009813753896204163
0.4931695067267845
0.009813753896204203
0.4931695067267845
0.015776210805069173
0.43483661416056973
0.01577621080506917
0.43483661416056996
0.006955419648526016
0.465234314899986
0.006955419648526019
0.4652343148999858
0.006955419648526027
0.4652343148999857
0.00695541964852601
0.46523431489998585
0.01577621080506921
0.43483661416056985
0.01577621080506919
0.43483661416056996
0.009813753896204196
0.4931695067267844
0.009813753896204168
0.4931695067267847
0.016131045649670772
0.5065307855039871
0.016131045649670803
0.506530785503987
0.07943767507993846
0.4015688043893067
0.07943767507993833
0.40156880438930664
0.0844242884744365
0.3954707085110319
0.08442428847443642
0.3954707085110313
0.015974646993350237
0.5002452174883631
0.015974646993350203
0.5002452174883629
0.007147478644006703
0.47035331394528607
0.007147478644006682
0.47035331394528596
0.020321854659043855
0.5358320267772042
0.020321854659043882
0.5358320267772041
0.006436221273797646
0.46875656727914805
0.006436221273797638
0.46875656727914783
0.006436221273797648
0.46875656727914816
0.00643622127379764
0.46875656727914816
0.02032185465904386
0.5358320267772041
0.020321854659043875
0.5358320267772041
0.007147478644006696
0.4703533139452859
0.007147478644006705
0.4703533139452861
0.015974646993350227
0.5002452174883631
0.01597464699335026
0.500245217488363
0.08442428847443623
0.39547070851103167
0.08442428847443632
0.3954707085110314
0.08015474329006098
0.3933918253375488
0.080154743290061
0.393391825337549
0.021885985158930473
0.5154603108783375
0.021885985158930452
0.5154603108783378
0.014452544652383773
0.5364704359124974
0.014452544652383784
0.5364704359124973
0.004955105061926099
0.495929729456389
0.004955105061926103
0.49592972945638886
0.009187442851415612
0.48812265948942246
0.009187442851415597
0.4881226594894228
0.009187442851415612
0.4881226594894226
0.009187442851415605
0.48812265948942246
0.004955105061926105
0.495929729456389
0.004955105061926094
0.4959297294563891
0.014452544652383784
0.5364704359124975
0.01445254465238377
0.5364704359124974
0.02188598515893045
0.5154603108783378
0.021885985158930435
0.5154603108783374
0.08015474329006117
0.3933918253375488
0.0801547432900611
0.393391825337549
0.08385747209191523
0.4129470866662075
0.08385747209191552
0.4129470866662074
0.027530002977516115
0.5818429717558071
0.027530002977516142
0.5818429717558076
0.008746160108743437
0.5254135661903652
0.008746160108743439
0.5254135661903652
0.004274394750818
0.481781033599179
0.00427439475081798
0.481781033599179
0.005962709634460878
0.47977512785850085
0.005962709634460878
0.47977512785850096
0.005962709634460887
0.4797751278585008
0.005962709634460892
0.47977512785850096
0.0042743947508179815
0.48178103359917906
0.004274394750817971
0.4817810335991791
0.00874616010874344
0.5254135661903653
0.00874616010874343
0.5254135661903652
0.027530002977516104
0.5818429717558072
0.0275300029775161
0.581842971755807
0.08385747209191516
0.4129470866662076
0.08385747209191545
0.4129470866662076
0.0925575684015321
0.4356268470461996
0.0925575684015319
0.4356268470462
0.017302107280546764
0.5737061158244332
0.017302107280546753
0.5737061158244333
0.00670113772811869
0.5161292600933806
0.006701137728118667
0.5161292600933806
0.002915356728001172
0.4925095852830152
0.0029153567280011563
0.49250958528301536
0.008629958940898665
0.4807022492790791
0.008629958940898642
0.4807022492790791
0.008629958940898661
0.48070224927907906
0.008629958940898647
0.48070224927907906
0.0029153567280011594
0.49250958528301514
0.002915356728001176
0.49250958528301536
0.006701137728118672
0.5161292600933807
0.006701137728118698
0.5161292600933807
0.017302107280546722
0.5737061158244332
0.017302107280546725
0.5737061158244334
0.09255756840153206
0.43562684704619997
0.09255756840153213
0.4356268470461998
0.08802234483121711
0.45363224143302716
0.08802234483121711
0.45363224143302683
0.014751456353257877
0.5499743936708047
0.014751456353257808
0.5499743936708049
0.006629635639579554
0.5379508427297528
0.006629635639579566
0.5379508427297528
0.0014024019212553899
0.4926457933636068
0.0014024019212553916
0.4926457933636069
0.013320538218666522
0.51243269055865
0.013320538218666519
0.5124326905586504
0.013320538218666538
0.5124326905586503
0.013320538218666536
0.51243269055865
0.0014024019212553968
0.49264579336360703
0.001402401921255415
0.4926457933636068
0.006629635639579573
0.537950842729753
0.006629635639579573
0.5379508427297526
0.014751456353257864
0.5499743936708048
0.014751456353257857
0.5499743936708047
0.08802234483121729
0.453632241433027
0.08802234483121774
0.45363224143302733
0.0839136005659335
0.43470196940867917
0.0839136005659335
0.4347019694086789
0.017042787556766636
0.5764059314692798
0.017042787556766675
0.5764059314692793
0.0109400088698953
0.5522428585129028
0.010940008869895317
0.5522428585129031
0.0070251963967743
0.5077449309191389
0.007025196396774315
0.5077449309191392
0.009782918331534577
0.5447055908418506
0.00978291833153458
0.5447055908418502
0.009782918331534576
0.5447055908418502
0.009782918331534596
0.5447055908418507
0.007025196396774301
0.5077449309191389
0.0070251963967743036
0.507744930919139
0.01094000886989531
0.5522428585129028
0.01094000886989533
0.5522428585129027
0.017042787556766664
0.5764059314692798
0.017042787556766678
0.5764059314692795
0.08391360056593339
0.434701969408679
0.08391360056593368
0.43470196940867856
0.08417847266165447
0.43489715676955987
0.08417847266165447
0.4348971567695602
0.016463683962839044
0.5706697085513885
0.016463683962839107
0.5706697085513884
0.006916371302172992
0.5562917351690082
0.006916371302173003
0.5562917351690086
0.021477547640861013
0.5772381259915174
0.02147754764086103
0.5772381259915169
0.0018614232895935098
0.5378666591828525
0.0018614232895935406
0.5378666591828524
0.00186142328959352
0.5378666591828524
0.001861423289593522
0.5378666591828523
0.021477547640861017
0.5772381259915174
0.021477547640861034
0.5772381259915169
0.0069163713021729864
0.5562917351690084
0.006916371302172991
0.5562917351690086
0.0164636839628391
0.5706697085513887
0.0164636839628391
0.5706697085513885
0.08417847266165426
0.4348971567695598
0.0841784726616544
0.43489715676956003
0.08723219754434391
0.45342767221523367
0.08723219754434405
0.4534276722152336
0.01322872422732422
0.5686166243615254
0.013228724227324204
0.5686166243615255
0.008615415132538074
0.558285771441843
0.008615415132538095
0.5582857714418425
0.008541175408026493
0.5897458589650931
0.0085411754080265
0.5897458589650932
0.010856754459465975
0.5507041220251839
0.010856754459465968
0.550704122025184
0.010856754459465972
0.5507041220251837
0.010856754459465965
0.5507041220251839
0.008541175408026517
0.5897458589650935
0.008541175408026508
0.5897458589650931
0.008615415132538086
0.5582857714418428
0.008615415132538058
0.558285771441843
0.01322872422732421
0.5686166243615254
0.0132287242273242
0.5686166243615253
0.08723219754434407
0.45342767221523383
0.08723219754434414
0.45342767221523395
0.09089601195261933
0.46465325013287884
0.09089601195261934
0.4646532501328787
0.019173088438904605
0.5845810082844235
0.01917308843890462
0.5845810082844234
0.005985820662071286
0.5735343474526697
0.005985820662071265
0.57353434745267
0.009534532076220337
0.558957061137463
0.009534532076220358
0.558957061137463
0.006857021039098124
0.5646901892794407
0.006857021039098102
0.5646901892794407
0.006857021039098124
0.5646901892794407
0.006857021039098094
0.5646901892794407
0.009534532076220363
0.558957061137463
0.009534532076220348
0.558957061137463
0.0059858206620712565
0.57353434745267
0.005985820662071243
0.5735343474526702
0.01917308843890458
0.5845810082844234
0.019173088438904605
0.5845810082844234
0.09089601195261947
0.46465325013287917
0.09089601195261937
0.46465325013287884
0.08130651389590293
0.45212718545452013
0.08130651389590324
0.4521271854545217
0.018929359804915304
0.6215830323397692
0.01892935980491535
0.6215830323397693
0.0169426913459529
0.5851838020452031
0.016942691345952894
0.5851838020452031
0.0016451090884199143
0.5612497695647991
0.0016451090884199112
0.561249769564799
0.005780004465462904
0.5519380441374142
0.005780004465462906
0.5519380441374147
0.005780004465462908
0.5519380441374144
0.005780004465462885
0.5519380441374144
0.0016451090884199199
0.5612497695647992
0.0016451090884199025
0.5612497695647992
0.016942691345952866
0.5851838020452031
0.01694269134595287
0.5851838020452031
0.0189293598049153
0.6215830323397693
0.018929359804915273
0.6215830323397695
0.08130651389590338
0.4521271854545212
0.0813065138959031
0.45212718545452085
0.08661673048944349
0.464091200694704
0.08661673048944332
0.46409120069470233
0.015321293275433898
0.608582883135808
0.01532129327543388
0.6085828831358078
0.010828119853960129
0.6114444479115322
0.010828119853960167
0.6114444479115324
0.005730193532423633
0.5634851564933343
0.0057301935324236405
0.5634851564933347
0.007239071439608755
0.5654933646440865
0.00723907143960875
0.5654933646440866
0.007239071439608747
0.5654933646440864
0.0072390714396087415
0.5654933646440866
0.005730193532423633
0.5634851564933343
0.0057301935324236206
0.5634851564933345
0.010828119853960151
0.6114444479115324
0.010828119853960136
0.6114444479115323
0.015321293275433856
0.6085828831358077
0.015321293275433853
0.608582883135808
0.08661673048944288
0.4640912006947034
0.08661673048944352
0.46409120069470355
0.08434391927971208
0.47607737905495895
0.08434391927971124
0.47607737905496195
0.01693328363398741
0.5930429701921436
0.01693328363398748
0.5930429701921434
0.007136078839737828
0.6023919545134186
0.00713607883973783
0.6023919545134188
0.005254736206718025
0.5875265621515043
0.005254736206718026
0.5875265621515045
0.009486128008714702
0.5908925321834195
0.009486128008714704
0.59089253218342
0.009486128008714678
0.59089253218342
0.009486128008714678
0.5908925321834199
0.005254736206718019
0.5875265621515042
0.005254736206718047
0.5875265621515042
0.007136078839737827
0.6023919545134186
0.007136078839737818
0.6023919545134189
0.016933283633987467
0.5930429701921436
0.01693328363398746
0.5930429701921438
0.0843439192797123
0.4760773790549617
0.08434391927971079
0.4760773790549595
0.08642830525265255
0.47860496748682657
0.08642830525265408
0.47860496748682346
0.023349867564186277
0.6322897659559465
0.02334986756418617
0.6322897659559469
0.006441765948986003
0.596970969265547
0.006441765948986005
0.5969709692655472
0.00744352667628902
0.5940487945110271
0.0074435266762890185
0.5940487945110269
0.002999314766906588
0.600481354386982
0.0029993147669065794
0.6004813543869818
0.0029993147669065876
0.6004813543869818
0.0029993147669065785
0.6004813543869819
0.0074435266762890116
0.5940487945110272
0.007443526676289013
0.5940487945110273
0.006441765948986047
0.5969709692655472
0.00644176594898603
0.5969709692655472
0.02334986756418623
0.6322897659559468
0.023349867564186236
0.6322897659559467
0.08642830525265284
0.4786049674868237
0.08642830525265412
0.47860496748682624
0.09114199628985298
0.4943584744077564
0.09114199628984918
0.4943584744077568
0.021271915005346365
0.6428853712037554
0.021271915005346462
0.6428853712037554
0.0032367604298215134
0.5990070840240724
0.0032367604298215195
0.5990070840240728
0.006160294779346735
0.6136188365631154
0.006160294779346747
0.6136188365631157
0.002075333226656116
0.5820499295936317
0.002075333226656091
0.5820499295936314
0.0020753332266561265
0.5820499295936317
0.002075333226656125
0.5820499295936317
0.006160294779346737
0.6136188365631154
0.006160294779346755
0.6136188365631154
0.0032367604298215447
0.5990070840240725
0.003236760429821526
0.5990070840240727
0.02127191500534645
0.6428853712037557
0.021271915005346406
0.6428853712037557
0.09114199628985212
0.49435847440775926
0.09114199628985022
0.4943584744077538
0.09360585680340272
0.5238025086280105
0.09360585680340708
0.5238025086280134
0.013509372291669017
0.6192520902524371
0.01350937229166893
0.6192520902524372
0.004487233618751283
0.6015285398682239
0.004487233618751305
0.601528539868224
0.0036237388701224503
0.6015624660701564
0.003623738870122468
0.6015624660701564
0.0038834011930216654
0.592078976538793
0.0038834011930216805
0.5920789765387928
0.0038834011930216758
0.5920789765387933
0.003883401193021679
0.592078976538793
0.0036237388701224746
0.6015624660701561
0.003623738870122439
0.6015624660701564
0.004487233618751335
0.6015285398682237
0.0044872336187513325
0.601528539868224
0.013509372291668941
0.6192520902524372
0.013509372291668998
0.6192520902524371
0.09360585680340372
0.5238025086280094
0.09360585680340583
0.5238025086280145
0.08443964501768784
0.5151576887894118
0.08443964501768045
0.5151576887894007
0.018674483754159973
0.6443487584811072
0.018674483754160028
0.6443487584811073
0.011033222496918037
0.6083944940420558
0.011033222496918033
0.6083944940420558
0.005682103788679588
0.6039970678748948
0.005682103788679641
0.6039970678748954
0.000995089530966324
0.5911045290661565
0.0009950895309663308
0.5911045290661561
0.000995089530966341
0.5911045290661563
0.0009950895309663416
0.5911045290661558
0.005682103788679622
0.6039970678748947
0.005682103788679602
0.6039970678748952
0.011033222496918068
0.6083944940420556
0.011033222496918045
0.6083944940420558
0.0186744837541601
0.6443487584811074
0.018674483754159962
0.6443487584811071
0.0844396450176847
0.5151576887894085
0.08443964501768353
0.5151576887894036
0.08261613266746468
0.4985652771878505
0.08261613266747175
0.49856527718786525
0.01646514918598347
0.6500198269732143
0.01646514918598351
0.650019826973214
0.01577270532603381
0.6568604500810891
0.015772705326033802
0.6568604500810888
0.00561846380226637
0.6065981945743935
0.005618463802266374
0.6065981945743937
0.0059857211305722555
0.5972868672442183
0.005985721130572283
0.5972868672442184
0.005985721130572249
0.5972868672442188
0.005985721130572264
0.5972868672442184
0.005618463802266374
0.6065981945743937
0.00561846380226637
0.6065981945743935
0.015772705326033837
0.6568604500810888
0.015772705326033816
0.6568604500810891
0.01646514918598344
0.6500198269732138
0.01646514918598351
0.6500198269732141
0.08261613266746812
0.49856527718785704
0.08261613266746845
0.49856527718785854
0.0830852286954048
0.5005164495816449
0.0830852286953969
0.5005164495816257
0.013596141704733892
0.6364297111374935
0.013596141704733607
0.636429711137493
0.0072207329814825616
0.6412700974568708
0.007220732981482583
0.6412700974568698
0.007005408501349021
0.6344203243948554
0.007005408501349008
0.6344203243948556
0.015754031961074597
0.6351840808399261
0.015754031961074617
0.6351840808399265
0.01575403196107466
0.6351840808399263
0.015754031961074638
0.6351840808399258
0.007005408501349015
0.6344203243948557
0.007005408501349011
0.6344203243948554
0.007220732981482588
0.6412700974568705
0.007220732981482554
0.6412700974568706
0.013596141704733836
0.6364297111374931
0.01359614170473364
0.6364297111374928
0.08308522869539958
0.5005164495816328
0.08308522869540219
0.5005164495816377
0.08464709135728044
0.5023726359776975
0.0846470913572859
0.5023726359777088
0.014933018228299377
0.6366770644037214
0.014933018228299632
0.6366770644037221
0.00507170412602689
0.6328465373710521
0.005071704126026893
0.6328465373710519
0.011868035257097183
0.6394060435992406
0.011868035257097193
0.6394060435992405
0.011285306417538051
0.6683966981666576
0.011285306417538048
0.6683966981666578
0.011285306417538055
0.6683966981666581
0.011285306417538039
0.6683966981666575
0.011868035257097176
0.6394060435992407
0.011868035257097162
0.6394060435992409
0.005071704126026874
0.632846537371052
0.005071704126026868
0.6328465373710521
0.014933018228299422
0.6366770644037218
0.014933018228299552
0.6366770644037217
0.08464709135728476
0.5023726359777079
0.08464709135728114
0.5023726359776988
0.08476522132578362
0.505990454191191
0.08476522132578333
0.5059904541911963
0.017841018076469158
0.6578721757281822
0.01784101807646867
0.6578721757281812
0.008093005410577817
0.6392739917554114
0.008093005410577819
0.6392739917554114
0.010463332388224488
0.6732211636545505
0.01046333238822448
0.673221163654551
0.0028241379909749276
0.6324533187802783
0.00282413799097492
0.6324533187802786
0.0028241379909749254
0.6324533187802783
0.002824137990974909
0.6324533187802781
0.010463332388224483
0.6732211636545506
0.010463332388224523
0.673221163654551
0.008093005410577754
0.6392739917554116
0.008093005410577756
0.6392739917554116
0.01784101807646892
0.6578721757281811
0.01784101807646886
0.6578721757281818
0.08476522132578022
0.5059904541911863
0.08476522132578707
0.5059904541912016
0.09029754792149391
0.5274852366592071
0.0902975479214882
0.5274852366591827
0.018586388985275176
0.6681746032685836
0.018586388985275537
0.6681746032685847
0.006037568468004824
0.6520188189332068
0.0060375684680048424
0.6520188189332072
0.0018312233932094887
0.64285697501547
0.0018312233932094787
0.6428569750154701
0.0035840982879222663
0.6317352466700165
0.003584098287922258
0.6317352466700168
0.00358409828792224
0.6317352466700162
0.0035840982879222303
0.6317352466700165
0.0018312233932094696
0.64285697501547
0.0018312233932094744
0.6428569750154705
0.006037568468004798
0.652018818933207
0.006037568468004809
0.6520188189332069
0.018586388985275343
0.6681746032685845
0.018586388985275284
0.6681746032685842
0.09029754792149453
0.5274852366592002
0.09029754792148759
0.5274852366591893
0.09907328548352792
0.5626747050210568
0.0990732854835453
0.5626747050211047
0.014191894919378396
0.654992951957474
0.014191894919378145
0.6549929519574742
0.004420162947730979
0.6413915385106281
0.004420162947730982
0.6413915385106279
0.003604609925425312
0.6388857688746166
0.0036046099254252845
0.6388857688746167
0.002003525609940298
0.6371978948561943
0.002003525609940303
0.6371978948561943
0.002003525609940299
0.6371978948561943
0.00200352560994029
0.6371978948561943
0.0036046099254252962
0.6388857688746166
0.003604609925425279
0.6388857688746165
0.004420162947730945
0.6413915385106281
0.004420162947730944
0.6413915385106281
0.014191894919378133
0.6549929519574736
0.014191894919378428
0.6549929519574743
0.09907328548353395
0.5626747050210807
0.0990732854835395
0.5626747050210799
0.09789455418641871
0.5639695844196689
0.09789455418639509
0.5639695844196275
0.016359790474230317
0.6632080006187233
0.016359790474230286
0.6632080006187215
0.005311853886354365
0.6441218980447478
0.0053118538863543615
0.6441218980447476
0.002386382516539061
0.6490063267628168
0.0023863825165390674
0.6490063267628172
0.005224699213791112
0.6420279071615178
0.0052246992137910744
0.6420279071615178
0.0052246992137910935
0.6420279071615181
0.0052246992137911005
0.6420279071615176
0.0023863825165390744
0.6490063267628173
0.002386382516539075
0.6490063267628167
0.005311853886354349
0.6441218980447474
0.005311853886354363
0.6441218980447474
0.016359790474230484
0.6632080006187226
0.016359790474230092
0.6632080006187222
0.09789455418640675
0.5639695844196384
0.09789455418640691
0.5639695844196577
0.0867674818813952
0.5501468472124349
0.08676748188142487
0.5501468472124332
0.018149062783825703
0.6722739888207265
0.018149062783826487
0.6722739888207301
0.008164093486858207
0.6652177317395643
0.008164093486858166
0.6652177317395644
0.0032810711905634157
0.6479277204569374
0.003281071190563432
0.6479277204569374
0.008243641668550523
0.6644985356702051
0.008243641668550506
0.6644985356702049
0.00824364166855053
0.6644985356702056
0.008243641668550523
0.6644985356702049
0.0032810711905634374
0.6479277204569371
0.0032810711905634305
0.6479277204569371
0.008164093486858152
0.6652177317395648
0.008164093486858193
0.6652177317395642
0.01814906278382583
0.6722739888207282
0.01814906278382644
0.6722739888207278
0.08676748188141566
0.5501468472124551
0.08676748188140428
0.5501468472124131
0.08281836229677084
0.5345408064654028
0.08281836229674872
0.5345408064654855
0.018609437519182953
0.6774993043058077
0.01860943751918157
0.677499304305804
0.01002261046746999
0.6696069790859569
0.010022610467470015
0.6696069790859568
0.006015189602840201
0.6687435956087595
0.006015189602840185
0.66874359560876
0.007448354307340683
0.6773913706299242
0.007448354307340688
0.677391370629924
0.0074483543073406745
0.6773913706299242
0.007448354307340674
0.6773913706299242
0.006015189602840178
0.6687435956087598
0.0060151896028401855
0.6687435956087595
0.010022610467470026
0.6696069790859568
0.010022610467470019
0.6696069790859565
0.0186094375191826
0.6774993043058051
0.018609437519181947
0.677499304305807
0.08281836229674772
0.5345408064654233
0.08281836229677147
0.5345408064654645
0.08538315059770657
0.5389883952501276
0.08538315059770485
0.5389883952499073
0.018268658791517053
0.683886818619104
0.018268658791519628
0.6838868186191069
0.006486118936212187
0.6730515067116226
0.006486118936212172
0.6730515067116232
0.011445027076223784
0.6836832037724729
0.011445027076223777
0.6836832037724732
0.0027513657496799435
0.6743001215142719
0.002751365749679948
0.6743001215142715
0.002751365749679981
0.6743001215142715
0.0027513657496799843
0.6743001215142719
0.01144502707622375
0.6836832037724726
0.01144502707622376
0.6836832037724732
0.006486118936212222
0.673051506711623
0.006486118936212223
0.673051506711623
0.018268658791518174
0.6838868186191072
0.018268658791518563
0.6838868186191037
0.08538315059772891
0.5389883952500206
0.08538315059768271
0.5389883952500143
0.09350024954647648
0.558026140938189
0.09350024954651479
0.5580261409384853
0.014780705070295582
0.6879935060109922
0.01478070507029254
0.6879935060109932
0.008463665708175297
0.6713476660774135
0.008463665708175291
0.6713476660774134
0.004783067863142709
0.6903868653229536
0.004783067863142705
0.6903868653229533
0.0032764007197865234
0.6622824335603199
0.0032764007197865113
0.6622824335603199
0.0032764007197865165
0.6622824335603201
0.00327640071978652
0.6622824335603197
0.004783067863142724
0.6903868653229533
0.004783067863142729
0.6903868653229535
0.008463665708175382
0.6713476660774131
0.008463665708175314
0.6713476660774135
0.014780705070294064
0.6879935060109907
0.014780705070294227
0.6879935060109952
0.09350024954646616
0.5580261409383706
0.09350024954652503
0.558026140938303
0.09677826039068518
0.5763156320840226
0.09677826039057169
0.5763156320837085
0.017172577800938275
0.684963314477527
0.017172577800941863
0.6849633144775171
0.006950654803425812
0.6834943134110406
0.006950654803425867
0.6834943134110408
0.002890902573605774
0.6696294035948636
0.002890902573605786
0.6696294035948633
0.0015861912683289383
0.6653558626346068
0.001586191268328941
0.6653558626346063
0.0015861912683289708
0.6653558626346068
0.0015861912683289487
0.6653558626346067
0.0028909025736058086
0.6696294035948633
0.002890902573605785
0.6696294035948631
0.006950654803425859
0.6834943134110409
0.006950654803425902
0.6834943134110405
0.01717257780094071
0.6849633144775247
0.017172577800939417
0.6849633144775199
0.09677826039066612
0.5763156320837604
0.09677826039059051
0.5763156320839709
0.09359758531368964
0.5812044470189717
0.09359758531386404
0.5812044470190982
0.016073155328564376
0.6910824173905705
0.016073155328561677
0.6910824173905875
0.00805174454342825
0.685304191301022
0.008051744543428146
0.6853041913010218
0.003462681944025249
0.6719209705554409
0.0034626819440252646
0.671920970555441
0.0010457379456478974
0.666233076470887
0.0010457379456479
0.666233076470887
0.0010457379456478978
0.6662330764708874
0.001045737945647882
0.666233076470887
0.003462681944025276
0.6719209705554411
0.0034626819440252334
0.6719209705554408
0.008051744543428236
0.6853041913010217
0.008051744543428177
0.6853041913010223
0.01607315532856182
0.6910824173905785
0.016073155328564223
0.6910824173905796
0.09359758531374263
0.5812044470191919
0.09359758531381118
0.5812044470188784
0.09098036356352102
0.5831661812485918
0.0909803635632464
0.5831661812489108
0.013713028704396894
0.6894561125475396
0.013713028704397315
0.6894561125475156
0.005893302633508754
0.686521172193564
0.00589330263350898
0.6865211721935633
0.007170648462723105
0.6939313221580541
0.007170648462723134
0.6939313221580539
0.003048893560868161
0.6700248267673753
0.0030488935608681588
0.670024826767375
0.0030488935608681276
0.6700248267673752
0.003048893560868105
0.670024826767375
0.0071706484627230924
0.6939313221580541
0.007170648462723124
0.6939313221580541
0.005893302633508829
0.686521172193564
0.005893302633508882
0.6865211721935638
0.013713028704399341
0.6894561125475247
0.013713028704394909
0.6894561125475308
0.09098036356340422
0.5831661812485494
0.09098036356336361
0.5831661812489535
0.08763757792446553
0.5766064723248607
0.08763757792476642
0.5766064723240623
0.018485177276227675
0.6920890027645061
0.01848517727623062
0.6920890027645259
0.005615501963654786
0.6925991150586298
0.005615501963654585
0.6925991150586301
0.0018953313064697173
0.6947351770279643
0.0018953313064697325
0.6947351770279642
0.00914050218422249
0.6922357064820666
0.009140502184222493
0.692235706482067
0.009140502184222458
0.692235706482067
0.009140502184222514
0.6922357064820663
0.0018953313064697139
0.6947351770279644
0.0018953313064697624
0.6947351770279642
0.005615501963654679
0.6925991150586299
0.005615501963654662
0.6925991150586304
0.01848517727622647
0.692089002764523
0.0184851772762318
0.6920890027645097
0.08763757792462226
0.5766064723246086
0.08763757792460963
0.5766064723243145
0.08626400561989687
0.569717647671536
0.08626400561958678
0.5697176476729382
0.019711383135279342
0.7166349316548093
0.019711383135269905
0.7166349316548091
0.004325479936058543
0.6888234386865746
0.004325479936058734
0.6888234386865735
0.004341235125775086
0.6866720745749657
0.004341235125775093
0.6866720745749662
0.00787279949404405
0.7109642283054236
0.007872799494044042
0.7109642283054232
0.007872799494044007
0.7109642283054234
0.007872799494044035
0.7109642283054232
0.004341235125775118
0.6866720745749659
0.0043412351257751045
0.6866720745749662
0.004325479936058651
0.6888234386865739
0.004325479936058569
0.688823438686574
0.019711383135277878
0.7166349316547982
0.019711383135271415
0.7166349316548203
0.08626400561968284
0.5697176476722488
0.08626400561980055
0.569717647672226
0.0890356366178619
0.5810880006066527
0.08903563661805561
0.5810880006052974
0.015606919730716939
0.710855172342272
0.015606919730731106
0.7108551723422438
0.0032039727478686366
0.6849540793400839
0.0032039727478684367
0.6849540793400848
0.006220379286224818
0.707170065915653
0.006220379286224771
0.7071700659156526
0.006498251902113438
0.7004556942758497
0.006498251902113452
0.7004556942758494
0.006498251902113457
0.7004556942758492
0.006498251902113425
0.7004556942758495
0.006220379286224801
0.7071700659156526
0.00622037928622479
0.7071700659156526
0.003203972747868402
0.6849540793400849
0.0032039727478685356
0.6849540793400841
0.015606919730721425
0.7108551723422692
0.015606919730726511
0.7108551723422467
0.08903563661806277
0.581088000605746
0.08903563661785488
0.5810880006062047
0.09177793846300515
0.5980446695816626
0.09177793846306961
0.5980446695823189
0.01256768827150961
0.7000143720838533
0.01256768827148812
0.7000143720839236
0.007479036580350671
0.695450055580356
0.007479036580350632
0.6954500555803547
0.003218268465111415
0.6988729201601119
0.0032182684651114284
0.6988729201601118
0.005390713301042075
0.7031171520700947
0.005390713301042063
0.7031171520700946
0.005390713301042071
0.703117152070095
0.005390713301042063
0.7031171520700945
0.003218268465111406
0.698872920160112
0.00321826846511139
0.6988729201601118
0.007479036580350724
0.6954500555803549
0.007479036580350476
0.6954500555803556
0.01256768827149969
0.700014372083883
0.012567688271498005
0.7000143720838938
0.09177793846286177
0.5980446695825249
0.09177793846321342
0.5980446695814564
0.08937682152772197
0.598070214554109
0.08937682152734083
0.5980702145549995
0.014652474273214755
0.7043345048468768
0.014652474273236349
0.7043345048467935
0.009879992189337723
0.7093223713221222
0.00987999218933797
0.7093223713221216
0.006440891229721668
0.7019144707594323
0.006440891229721643
0.7019144707594325
0.000486932809651744
0.6978736478948719
0.000486932809651749
0.6978736478948719
0.00048693280965175073
0.6978736478948719
0.0004869328096517591
0.6978736478948715
0.006440891229721679
0.7019144707594325
0.006440891229721654
0.7019144707594325
0.009879992189337689
0.7093223713221222
0.00987999218933801
0.7093223713221217
0.014652474273227438
0.7043345048468279
0.014652474273223744
0.7043345048468412
0.08937682152772414
0.5980702145539619
0.08937682152733897
0.5980702145551462
0.08953540398204318
0.5979113056764195
0.08953540398298852
0.5979113056729066
0.014412593588764946
0.7093345834388078
0.014412593588746756
0.7093345834388761
0.007635986025441817
0.7189826947947628
0.007635986025441131
0.718982694794766
0.00599209463606955
0.713286659141768
0.005992094636069556
0.7132866591417683
0.003681411954898585
0.6994973221958164
0.0036814119548985607
0.6994973221958167
0.003681411954898616
0.699497322195817
0.0036814119548986145
0.699497322195817
0.005992094636069591
0.7132866591417679
0.00599209463606957
0.7132866591417679
0.007635986025441641
0.718982694794764
0.007635986025441353
0.7189826947947645
0.014412593588748884
0.7093345834388673
0.014412593588762825
0.7093345834388161
0.08953540398232657
0.5979113056750642
0.0895354039827051
0.5979113056742608
