4.78544354721304
4.785443547213048
3.4783978451156337
3.4783978451156536
2.7021456523045204
2.702145652304508
2.8574484942676994
2.8574484942677145
1.515816146046598
1.5158161460465776
-2.0928397064774904
-2.0928397064774873
0.9013058734391852
0.9013058734391847
1.9178728711540471
1.9178728711540491
1.1774485010723992
1.1774485010724012
1.3573589182923702
1.3573589182923724
-0.33295803955108294
-0.3329580395511024
0.7543110514781661
0.7543110514781648
1.9747503780691562
1.9747503780691447
1.6026362292707095
1.6026362292707252
0.18168902485622143
0.18168902485620414
0.5347746680838785
0.5347746680838921
0.8262788715251634
0.8262788715251779
1.6718854095282694
1.6718854095282625
1.7585068753374156
1.7585068753374282
1.2880966532162132
1.288096653216209
0.7300404510394469
0.7300404510394555
0.5627871276870697
0.562787127687073
0.6131754076195488
0.6131754076195498
0.4419710541610459
0.44197105416104754
0.2437535716992969
0.24375357169928366
0.3266024473873702
0.3266024473873482
0.6008527221313058
0.6008527221312856
0.6376475439858242
0.6376475439858227
0.6210122980867105
0.6210122980867273
0.4632147750599135
0.46321477505993097
0.33751417959794905
0.33751417959796903
0.26549383514421265
0.2654938351442326
0.34104496385749195
0.3410449638575049
0.11315563341519341
0.11315563341519824
-0.26072950255087335
-0.2607295025508717
-0.45126000190918125
-0.45126000190918225
0.20670062801927572
0.2067006280193042
0.18647500645113374
0.18647500645113588
0.3366269468762535
0.33662694687625677
0.1750361039161919
0.17503610391617816
-0.11976166383420389
-0.11976166383421154
-0.04409114107431525
-0.04409114107432258
0.4601979797546685
0.46019797975466065
0.7471222354006122
0.7471222354006052
0.5086772408181668
0.5086772408181571
0.2005990502263186
0.20059905022632485
0.40232149407998186
0.4023214940799608
0.7995731896975318
0.799573189697535
0.7239698644553556
0.7239698644553321
0.3050583823286589
0.30505838232867744
