2.6242807799332772
2.6242807799332786
2.7000964888859147
2.700096488885903
2.1694943791979404
2.169494379197961
-2.175178801044907
-2.1751788010448854
3.5628622039361177
3.5628622039361244
1.5858499944624818
1.5858499944624875
1.4326583149972123
1.4326583149972054
-0.17330233876293258
-0.17330233876293058
1.7610554234632454
1.7610554234632547
0.4540421972435336
0.4540421972435323
0.3545447882973527
0.3545447882973505
0.6565226354849146
0.6565226354849294
0.9289859825408131
0.9289859825408253
0.14566062140962163
0.14566062140962288
1.0536414520473383
1.0536414520473552
0.9777456928625745
0.977745692862578
-0.1630453034128133
-0.16304530341281487
0.4606957114789296
0.46069571147893895
0.0552322577533526
0.055232257753356356
0.9526483544412472
0.9526483544412501
0.3447968378155274
0.3447968378155179
0.49397018889477967
0.49397018889476896
-0.31791334007543454
-0.31791334007543126
0.7404305172503596
0.7404305172503657
0.20224470266373726
0.20224470266376193
0.34431542100696705
0.34431542100697676
-0.19058274561301175
-0.19058274561302108
0.3811805755817331
0.3811805755817229
0.7520191598629007
0.7520191598629085
0.36235261872226204
0.3623526187222733
0.46054666442114617
0.46054666442114583
-0.20704643603549316
-0.2070464360354943
0.1574729223451443
0.15747292234515764
0.37366570327750925
0.37366570327750204
0.04780268590064294
0.04780268590063865
-0.27794072964996586
-0.2779407296499725
0.6039380121317338
0.6039380121317122
0.37813428079231254
0.3781342807923211
0.214993077637066
0.21499307763706943
0.32530702878349377
0.3253070287834991
-0.07238699167549653
-0.07238699167547942
-0.20169483386154713
-0.20169483386154963
-0.05250477389801052
-0.05250477389801831
0.3615502212926719
0.36155022129265857
0.050655380148244174
0.05065538014822306
-0.09478160775768149
-0.09478160775770272
0.42572650598393547
0.4257265059839373
0.18847107971706417
0.18847107971705282
0.031068198769329557
0.03106819876932005
0.1488224195198578
0.14882241951986605
0.022307817381258758
0.022307817381258466
-0.15591509307089663
-0.1559150930708844
0.3579998965367637
0.357999896536771
0.2075380082986127
0.2075380082986297
-0.05083969037141984
-0.05083969037141362
0.06254188647070347
0.06254188647068329
0.20444019684031922
0.20444019684030712
0.10908063816735941
0.10908063816737239
0.01703245576742485
0.0170324557674286
0.09204305878994161
0.09204305878995558
0.11426939887281909
0.11426939887281669
0.07232996322660024
0.07232996322659424
0.11336046729056277
0.11336046729056636
0.08986678957066793
0.08986678957065596
-0.23696534913739425
-0.23696534913738976
0.12935278420872914
0.12935278420874113
-0.023691182430517904
-0.02369118243052613
0.147957123190824
0.14795712319083376
0.13007849105073999
0.13007849105074057
0.12477379502409655
0.1247737950241015
0.05758256784906768
0.05758256784907754
0.09297715603480407
0.09297715603479235
0.034583279313508145
0.03458327931350641
-0.04982186559549204
-0.049821865595493155
0.08017565709330603
0.08017565709330635
0.03657866601864796
0.036578666018645706
0.20294164051288782
0.20294164051291097
0.1315131884756842
0.131513188475702
0.23380597341332787
0.23380597341334475
0.02266446466314921
0.022664464663153857
0.08661663699133584
0.08661663699135687
0.06332478199701067
0.06332478199702737
0.03721356855290319
0.03721356855289262
-0.04427436232674076
-0.044274362326743935
0.17119962295142455
0.17119962295142177
0.07958505853590955
0.0795850585358973
0.04068952546570927
0.04068952546571371
0.1533255195595815
0.15332551955959262
0.0052003237089469755
0.005200323708940263
0.039966093525386534
0.039966093525351354
0.008321248556812814
0.00832124855679936
0.12961791595441552
0.12961791595441285
0.0006559032478082472
0.0006559032477897417
0.07545985080008599
0.07545985080009071
0.08909865489228504
0.0890986548922757
0.04757068849096287
0.04757068849096376
-0.0001149407959435602
-0.0001149407959702299
0.13030038652170456
0.13030038652169948
0.08769388027686527
0.08769388027684581
0.039215564733447464
0.039215564733434925
0.13696182262658646
0.13696182262659728
0.11230289835439694
0.11230289835440968
0.04873755181432457
0.048737551814340634
0.045802335763140495
0.04580233576315259
0.057692951938356454
0.05769295193836014
-0.01789356035237453
-0.01789356035239203
0.0560765236783219
0.05607652367832387
0.0560741869221303
0.05607418692210825
0.1020771029012727
0.10207710290126175
0.04013542356442015
0.040135423564432476
0.07237114429828181
0.07237114429826107
0.0220380368541284
0.0220380368541336
-0.03695801647918555
-0.036958016479194736
0.010364136569035941
0.010364136569013882
-0.01956878569888941
-0.019568785698893455
0.01031409110640564
0.010314091106402084
0.042660095196306674
0.04266009519630422
0.06519428909485075
0.06519428909486152
0.03704191068146982
0.037041910681466665
0.04621126550664207
0.04621126550664178
0.015504757795908057
0.015504757795894008
0.013843522510703754
0.013843522510712462
0.034319482416810015
0.03431948241682729
0.017271871503159026
0.017271871503149232
0.020356145082649612
0.02035614508265139
0.04560696984729945
0.04560696984730701
0.05382931628188844
0.053829316281910844
0.026582763378442065
0.026582763378463447
0.029021025169584578
0.029021025169586004
0.033592120649934006
0.03359212064994402
0.009303540536933313
0.009303540536957927
0.0065474158653767486
0.006547415865378653
0.04186274174953142
0.041862741749528344
0.0037084205439155606
0.003708420543899766
-0.01346218287532337
-0.013462182875313356
0.013072524561289357
0.013072524561284304
-0.011127291503882537
-0.011127291503870701
-0.008600058536554944
-0.008600058536559544
0.01875511900904136
0.018755119009042462
0.03028791608055748
0.03028791608054976
0.008335496065893025
0.008335496065883631
0.029243326315406215
0.029243326315429946
0.02529489890138461
0.025294898901379974
-0.002177343232437283
-0.002177343232422589
-0.0048455213185666715
-0.004845521318567282
0.026536119532504898
0.026536119532509336
0.024809189956070378
0.024809189956077858
0.024690340514438726
0.02469034051443933
0.05790875526828451
0.057908755268290195
0.0450378734419061
0.045037873441892716
0.03595174133857827
0.03595174133858982
0.029290365444646006
0.029290365444664918
0.02811983459049232
0.028119834590469822
0.002124121159093659
0.002124121159101288
0.01707968468550415
0.017079684685525245
0.019307084601459783
0.01930708460146904
0.0240698044935055
0.0240698044935043
0.028557786867652493
0.028557786867647584
0.026921485868515026
0.026921485868507733
0.01982772740297492
0.019827727402953948
0.007360815984953817
0.007360815984946617
0.01566125190075266
0.015661251900737527
0.010373565527834467
0.010373565527832139
0.01519746377249031
0.015197463772503373
0.016747357106286862
0.016747357106271177
0.021057624661022175
0.021057624661027088
0.01964718106944396
0.019647181069447347
0.028231414516098455
0.02823141451610316
0.023236360440671306
0.023236360440655374
0.03193144419753062
0.03193144419752726
0.035123889698485164
0.03512388969849318
0.03463883439253816
0.03463883439255197
0.030743568214517073
0.030743568214489966
0.032974115871280005
0.03297411587128507
0.02709647766619207
0.0270964776661967
0.016541348936976782
0.016541348936977767
0.025742758956587224
0.02574275895659269
0.022659825581863732
0.022659825581886915
0.022651698969357262
0.022651698969365967
0.02314012250540126
0.023140122505394777
0.028793545135870888
0.028793545135881175
0.01713097643197538
0.017130976431978813
0.011242918827474394
0.011242918827471152
0.00935888319028036
0.009358883190278236
0.0015683863134995594
0.0015683863135083837
-0.000588167196742059
-0.0005881671967303276
0.01096928142178447
0.01096928142177511
0.014271308038339123
0.014271308038350593
0.011782249375861382
0.011782249375874966
0.018339029487470147
0.018339029487476836
0.019003377606476565
0.01900337760647748
0.012123471021995643
0.01212347102198683
0.012055262308928744
0.012055262308924447
0.017616772262172745
0.017616772262176648
0.012851115626971246
0.012851115626967523
0.014682287219851375
0.014682287219839496
0.01923081275843231
0.019230812758436574
0.018865000332257804
0.018865000332273278
0.016637713379347285
0.016637713379358942
0.018723783240226343
0.018723783240221677
