0.0 0.0 1.9346037786534431 1.9346037786534431
0.1 0.0 3.5797748639982285 3.5797748639982285
0.2 0.0 4.744768229504574 4.744768229504574
0.3 4.440892098500626e-16 5.3463329350946625 5.346332935094662
0.4 -4.440892098500626e-16 5.418984064112342 5.418984064112343
0.5 0.0 5.096093106172064 5.096093106172064
0.6 0.0 4.568455814940085 4.568455814940085
0.7 0.0 4.032654084264458 4.032654084264458
0.8 -6.661338147750939e-16 3.6434726604568692 3.6434726604568706
0.9 0.0 3.4825004160306516 3.4825004160306516
1.0 -1.1102230246251565e-15 3.5496713240916207 3.549671324091623
1.1 0.0 3.7776114653760207 3.7776114653760207
1.2 4.440892098500626e-16 4.06232879235836 4.062328792358359
1.3 0.0 4.299798945128136 4.299798945128136
1.4 0.0 4.417349725493165 4.417349725493165
1.5 -4.440892098500626e-16 4.391368021819256 4.391368021819257
1.6 0.0 4.247719754787676 4.247719754787676
1.7 0.0 4.046763272823656 4.046763272823656
1.8 0.0 3.8592593230525307 3.8592593230525307
1.9 -6.661338147750939e-16 3.741595300619053 3.7415953006190543
2.0 -1.1102230246251565e-15 3.7181033685465947 3.718103368546597
2.1 -2.220446049250313e-16 3.775292918207407 3.7752929182074073
2.2 -2.220446049250313e-16 3.868649344661147 3.8686493446611476
2.3 -2.220446049250313e-16 3.9386702835569443 3.9386702835569447
2.4 4.440892098500626e-16 3.9302426597054927 3.930242659705492
2.5 4.440892098500626e-16 3.808990918420746 3.8089909184207453
2.6 2.220446049250313e-16 3.569812270627034 3.5698122706270334
2.7 -4.440892098500626e-16 3.235769962679177 3.235769962679178
2.8 4.440892098500626e-16 2.8487692354111656 2.8487692354111647
2.9 0.0 2.4559132668885084 2.4559132668885084
3.0 6.661338147750939e-16 2.09639144059423 2.0963914405942288
3.1 -5.551115123125783e-16 1.7930116687935054 1.7930116687935065
3.2 -3.3306690738754696e-16 1.5504504651916355 1.5504504651916362
3.3 2.220446049250313e-16 1.3597599585293536 1.3597599585293532
3.4 1.1102230246251565e-16 1.2065473861710219 1.2065473861710216
3.5 5.551115123125783e-16 1.079230056153435 1.0792300561534338
3.6 0.0 0.9741355656729052 0.9741355656729052
3.7 5.551115123125783e-17 0.8957338418542335 0.8957338418542334
3.8 -6.106226635438361e-16 0.8523348804274439 0.8523348804274451
3.9 -3.3306690738754696e-16 0.849390198119837 0.8493901981198376
4.0 -4.440892098500626e-16 0.8834468514055729 0.8834468514055738
4.1 -3.885780586188048e-16 0.9395169581750211 0.9395169581750219
4.2 -1.6653345369377348e-16 0.9932803052053517 0.993280305205352
4.3 3.3306690738754696e-16 1.0176483624319035 1.0176483624319028
4.4 3.3306690738754696e-16 0.9914862274806759 0.9914862274806753
4.5 9.43689570931383e-16 0.9073499012104937 0.9073499012104919
4.6 9.43689570931383e-16 0.7752958693042747 0.7752958693042729
4.7 8.881784197001252e-16 0.6210971083906914 0.6210971083906897
4.8 6.938893903907228e-16 0.4791116428448414 0.47911164284484004
4.9 3.608224830031759e-16 0.3819297522468426 0.3819297522468419
5.0 1.1102230246251565e-16 0.35011579961732014 0.3501157996173199
5.1 1.3877787807814457e-16 0.3854386400297807 0.3854386400297804
5.2 0.0 0.4699096338263239 0.4699096338263239
5.3 1.6653345369377348e-16 0.5710721890918293 0.571072189091829
5.4 4.440892098500626e-16 0.6519371194725989 0.651937119472598
5.5 4.996003610813204e-16 0.6824197881186395 0.6824197881186385
5.6 6.661338147750939e-16 0.6486228350598101 0.6486228350598088
5.7 4.996003610813204e-16 0.5569939966414356 0.5569939966414346
5.8 3.0531133177191805e-16 0.4320452561860739 0.4320452561860733
5.9 5.551115123125783e-17 0.30839990638827486 0.30839990638827475
6.0 -1.3877787807814457e-17 0.21975421862133535 0.21975421862133537
6.1 -3.0531133177191805e-16 0.1883074674658318 0.1883074674658324
6.2 -8.326672684688674e-17 0.21802087178341156 0.21802087178341173
6.3 -1.3877787807814457e-16 0.2937888442655788 0.29378884426557905
6.4 5.551115123125783e-17 0.38667441116447465 0.38667441116447454
6.5 3.0531133177191805e-16 0.4634118085465413 0.4634118085465407
6.6 3.885780586188048e-16 0.49704561232159145 0.49704561232159067
6.7 3.0531133177191805e-16 0.47527853581242385 0.47527853581242324
6.8 4.718447854656915e-16 0.4039152109356091 0.40391521093560817
6.9 3.0531133177191805e-16 0.3044294273034693 0.30442942730346867
7.0 2.0816681711721685e-16 0.2065976581971163 0.2065976581971159
7.1 9.71445146547012e-17 0.13870510472526174 0.13870510472526154
7.2 -2.0816681711721685e-16 0.1185436137747458 0.11854361377474622
7.3 -2.0816681711721685e-16 0.14807381152384766 0.14807381152384808
7.4 -3.469446951953614e-16 0.21335677096534642 0.2133567709653471
7.5 -3.885780586188048e-16 0.28960942220610036 0.28960942220610114
7.6 -4.718447854656915e-16 0.34958472827225656 0.3495847282722575
7.7 -4.440892098500626e-16 0.3724568875768743 0.3724568875768752
7.8 -6.106226635438361e-16 0.35031724902149886 0.3503172490215001
7.9 -5.828670879282072e-16 0.290254833473652 0.29025483347365316
8.0 -5.134781488891349e-16 0.2114955895163981 0.21149558951639913
8.1 -8.049116928532385e-16 0.13869881714130675 0.13869881714130836
8.2 -7.008282842946301e-16 0.09372406691945358 0.09372406691945498
8.3 -8.951173136040325e-16 0.08860341277999183 0.08860341277999362
8.4 -9.020562075079397e-16 0.12196936975836213 0.12196936975836394
8.5 -7.771561172376096e-16 0.17998479303283474 0.1799847930328363
8.6 -7.771561172376096e-16 0.24131449476591976 0.24131449476592132
8.7 -4.440892098500626e-16 0.28437187399176184 0.2843718739917627
8.8 -2.498001805406602e-16 0.2943891457299698 0.2943891457299703
8.9 1.1102230246251565e-16 0.26800114371424305 0.26800114371424283
9.0 4.85722573273506e-16 0.21392700573307769 0.2139270057330767
9.1 6.522560269672795e-16 0.14966316165192659 0.14966316165192528
9.2 8.187894806610529e-16 0.09541408714362282 0.09541408714362118
9.3 8.673617379884035e-16 0.06735305051567904 0.0673530505156773
9.4 8.326672684688674e-16 0.07245344213319134 0.07245344213318967
9.5 7.077671781985373e-16 0.10653695444752359 0.10653695444752218
9.6 5.689893001203927e-16 0.15606818786789536 0.15606818786789423
9.7 3.3306690738754696e-16 0.202971558615455 0.20297155861545432
9.8 2.7755575615628914e-17 0.23077385833679667 0.23077385833679662
9.9 -2.7755575615628914e-17 0.22999624407590563 0.2299962440759057
10.0 -8.326672684688674e-17 0.20103870063718635 0.2010387006371865
10.1 -5.551115123125783e-17 0.15368954137479798 0.1536895413747981
10.2 -2.0816681711721685e-17 0.10353930299714866 0.1035393029971487
10.3 1.734723475976807e-16 0.0665943938089663 0.06659439380896595
10.4 2.5673907444456745e-16 0.05393884923870565 0.053938849238705136
10.5 2.498001805406602e-16 0.0682144073719796 0.0682144073719791
10.6 4.440892098500626e-16 0.10302632981352279 0.1030263298135219
10.7 4.996003610813204e-16 0.14537389527495942 0.14537389527495842
10.8 3.469446951953614e-16 0.18019627158275742 0.18019627158275672
10.9 1.3877787807814457e-17 0.195451410427799 0.19545141042779898
11.0 -1.249000902703301e-16 0.18602053764682766 0.1860205376468279
11.1 -4.3021142204224816e-16 0.15517771411277365 0.1551777141127745
11.2 -4.718447854656915e-16 0.11321578578273317 0.11321578578273411
11.3 -5.204170427930421e-16 0.07378041450337755 0.07378041450337859
11.4 -5.273559366969494e-16 0.04920952382663962 0.04920952382664068
11.5 -5.169475958410885e-16 0.046464876577703394 0.04646487657770443
11.6 -5.065392549852277e-16 0.06499359506911961 0.06499359506912063
11.7 -4.718447854656915e-16 0.09717025480537807 0.09717025480537901
11.8 -3.0531133177191805e-16 0.13108770812360165 0.13108770812360226
11.9 5.551115123125783e-17 0.15468768105542408 0.15468768105542396
12.0 1.5265566588595902e-16 0.15980658273216508 0.15980658273216478
12.1 3.3306690738754696e-16 0.14478548088135465 0.14478548088135398
12.2 1.8041124150158794e-16 0.1148161126161217 0.11481611261612133
12.3 9.020562075079397e-17 0.0799784703167304 0.07997847031673022
12.4 -7.28583859910259e-17 0.051699834542576095 0.05169983454257624
12.5 -9.71445146547012e-17 0.038871333021848184 0.03887133302184838
12.6 -9.367506770274758e-17 0.04493490736592988 0.04493490736593007
12.7 -9.71445146547012e-17 0.06688821792722062 0.06688821792722081
12.8 -6.938893903907228e-17 0.09648319493036765 0.09648319493036779
12.9 -1.1796119636642288e-16 0.12314989578862334 0.12314989578862358
13.0 2.0816681711721685e-16 0.1376126015275773 0.13761260152757687
13.1 3.191891195797325e-16 0.13496366363145604 0.1349636636314554
13.2 3.2612801348363973e-16 0.11617935063134095 0.1161793506313403
13.3 2.220446049250313e-16 0.08761508202212902 0.08761508202212857
13.4 1.3530843112619095e-16 0.05870961551246891 0.05870961551246864
13.5 -1.0755285551056204e-16 0.038722553206148036 0.03872255320614825
13.6 -2.3592239273284576e-16 0.03363011057046 0.033630110570460475
13.7 -4.2327252813834093e-16 0.04421796627896919 0.04421796627897004
13.8 -4.996003610813204e-16 0.06597727323806592 0.06597727323806692
13.9 -4.787836793695988e-16 0.09078587659006665 0.09078587659006761
14.0 -4.0245584642661925e-16 0.10975669952173918 0.10975669952173998
14.1 -4.85722573273506e-16 0.11626019327334375 0.11626019327334472
14.2 -5.412337245047638e-16 0.10809751728027363 0.10809751728027471
14.3 -5.342948306008566e-16 0.08811619103316079 0.08811619103316186
14.4 -5.204170427930421e-16 0.063104666581688 0.06310466658168903
14.5 -3.2612801348363973e-16 0.04138687005167235 0.041386870051673005
14.6 -6.071532165918825e-17 0.029964305999127267 0.02996430599912739
14.7 4.683753385137379e-16 0.03218251208486772 0.032182512084866784
14.8 9.020562075079397e-16 0.046695082679744905 0.0466950826797431
14.9 1.186550857568136e-15 0.06803980746453996 0.06803980746453758
15.0 1.304512053934559e-15 0.08858914094575703 0.08858914094575442
15.1 1.0685896612017132e-15 0.10117995697673157 0.10117995697672943
15.2 6.661338147750939e-16 0.1015169306691959 0.10151693066919457
15.3 1.249000902703301e-16 0.0895444164520517 0.08954441645205145
15.4 -4.0245584642661925e-16 0.0693511702007827 0.0693511702007835
15.5 -7.91033905045424e-16 0.047679010827854716 0.0476790108278563
15.6 -1.033895191682177e-15 0.031575924737543 0.031575924737545065
15.7 -1.1171619185290638e-15 0.026008802823264992 0.026008802823267226
15.8 -1.0304257447302234e-15 0.03224328334493653 0.03224328334493859
15.9 -8.847089727481716e-16 0.04751800121944433 0.0475180012194461
16.0 -6.522560269672795e-16 0.06608949352369126 0.06608949352369256
16.1 -4.579669976578771e-16 0.08125879897668656 0.08125879897668747
16.2 -3.3306690738754696e-16 0.08766888188683843 0.08766888188683909
16.3 -4.85722573273506e-16 0.08308853069169256 0.08308853069169353
16.4 -7.91033905045424e-16 0.06909188517137366 0.06909188517137524
16.5 -9.08995101411847e-16 0.05043114959035944 0.05043114959036126
16.6 -9.957312752106873e-16 0.0333472323090373 0.03334723230903929
16.7 -9.731798700229888e-16 0.023416386246815104 0.02341638624681705
16.8 -7.424616477180734e-16 0.023673297355529276 0.02367329735553076
16.9 -6.765421556309548e-16 0.03363948859814179 0.03363948859814314
17.0 -2.7755575615628914e-16 0.04956433218892773 0.049564332188928285
17.1 1.0408340855860843e-16 0.06576819724840012 0.06576819724839991
17.2 3.677613769070831e-16 0.07660695412020116 0.07660695412020042
17.3 4.371503159461554e-16 0.07837826958076127 0.0783782695807604
17.4 5.828670879282072e-16 0.07052603627761708 0.07052603627761592
17.5 5.655198531684391e-16 0.05575209250743415 0.05575209250743302
17.6 5.273559366969494e-16 0.0390234702497981 0.03902347024979705
17.7 4.40619762898109e-16 0.025837469400642313 0.02583746940064143
17.8 5.273559366969494e-16 0.020349487173035405 0.02034948717303435
17.9 6.453171330633722e-16 0.024000676418643625 0.024000676418642335
18.0 6.765421556309548e-16 0.035098249848644625 0.03509824984864327
18.1 5.93275428784068e-16 0.04946797531675836 0.04946797531675717
18.2 5.238864897449957e-16 0.061932424671014445 0.0619324246710134
18.3 4.85722573273506e-16 0.06809449958793477 0.0680944995879338
18.4 4.0939474033052647e-16 0.06581434396025658 0.06581434396025576
18.5 2.8796409701215e-16 0.05588574328782559 0.055885743287825015
18.6 9.020562075079397e-17 0.041700755714431534 0.04170075571443135
18.7 -9.020562075079397e-17 0.028039162984249928 0.028039162984250108
18.8 -1.0755285551056204e-16 0.019413027492504696 0.01941302749250491
18.9 -1.4224732503009818e-16 0.0185379390771625 0.018537939077162783
19.0 -3.122502256758253e-17 0.02544690851764649 0.02544690851764655
19.1 4.5102810375396984e-17 0.037533587654540526 0.037533587654540436
19.2 -1.3183898417423734e-16 0.05049004682330711 0.05049004682330737
19.3 -1.1796119636642288e-16 0.059801749428578035 0.05980174942857827
19.4 -2.393918396847994e-16 0.0622807126279528 0.06228071262795328
19.5 -2.463307335887066e-16 0.05711613556609887 0.05711613556609936
19.6 -8.326672684688674e-17 0.0460966239668515 0.046096623966851664
19.7 3.0878077872387166e-16 0.03294652595108651 0.032946525951085895
19.8 7.927686285214008e-16 0.022020549546039454 0.022020549546037868
19.9 1.132774429812855e-15 0.016813265023743983 0.016813265023741718
